%         frequency(Hz)                     density(kg/m3), real/imag      bulk modulus(Pa), real/imag
                        10                  1.205728     0                 142090.344491053     0       
          60.2010050251256                  1.205728     0                 142090.344491053     0       
          110.402010050251                  1.205728     0                 142090.344491053     0       
          160.603015075377                  1.205728     0                 142090.344491053     0       
          210.804020100503                  1.205728     0                 142090.344491053     0       
          261.005025125628                  1.205728     0                 142090.344491053     0       
          311.206030150754                  1.205728     0                 142090.344491053     0       
          361.407035175879                  1.205728     0                 142090.344491053     0       
          411.608040201005                  1.205728     0                 142090.344491053     0       
          461.809045226131                  1.205728     0                 142090.344491053     0       
          512.010050251256                  1.205728     0                 142090.344491053     0       
          562.211055276382                  1.205728     0                 142090.344491053     0       
          612.412060301507                  1.205728     0                 142090.344491053     0       
          662.613065326633                  1.205728     0                 142090.344491053     0       
          712.814070351759                  1.205728     0                 142090.344491053     0       
          763.015075376884                  1.205728     0                 142090.344491053     0       
           813.21608040201                  1.205728     0                 142090.344491053     0       
          863.417085427136                  1.205728     0                 142090.344491053     0       
          913.618090452261                  1.205728     0                 142090.344491053     0       
          963.819095477387                  1.205728     0                 142090.344491053     0       
          1014.02010050251                  1.205728     0                 142090.344491053     0       
          1064.22110552764                  1.205728     0                 142090.344491053     0       
          1114.42211055276                  1.205728     0                 142090.344491053     0       
          1164.62311557789                  1.205728     0                 142090.344491053     0       
          1214.82412060302                  1.205728     0                 142090.344491053     0       
          1265.02512562814                  1.205728     0                 142090.344491053     0       
          1315.22613065327                  1.205728     0                 142090.344491053     0       
          1365.42713567839                  1.205728     0                 142090.344491053     0       
          1415.62814070352                  1.205728     0                 142090.344491053     0       
          1465.82914572864                  1.205728     0                 142090.344491053     0       
          1516.03015075377                  1.205728     0                 142090.344491053     0       
          1566.23115577889                  1.205728     0                 142090.344491053     0       
          1616.43216080402                  1.205728     0                 142090.344491053     0       
          1666.63316582915                  1.205728     0                 142090.344491053     0       
          1716.83417085427                  1.205728     0                 142090.344491053     0       
           1767.0351758794                  1.205728     0                 142090.344491053     0       
          1817.23618090452                  1.205728     0                 142090.344491053     0       
          1867.43718592965                  1.205728     0                 142090.344491053     0       
          1917.63819095477                  1.205728     0                 142090.344491053     0       
           1967.8391959799                  1.205728     0                 142090.344491053     0       
          2018.04020100503                  1.205728     0                 142090.344491053     0       
          2068.24120603015                  1.205728     0                 142090.344491053     0       
          2118.44221105528                  1.205728     0                 142090.344491053     0       
           2168.6432160804                  1.205728     0                 142090.344491053     0       
          2218.84422110553                  1.205728     0                 142090.344491053     0       
          2269.04522613065                  1.205728     0                 142090.344491053     0       
          2319.24623115578                  1.205728     0                 142090.344491053     0       
           2369.4472361809                  1.205728     0                 142090.344491053     0       
          2419.64824120603                  1.205728     0                 142090.344491053     0       
          2469.84924623116                  1.205728     0                 142090.344491053     0       
          2520.05025125628                  1.205728     0                 142090.344491053     0       
          2570.25125628141                  1.205728     0                 142090.344491053     0       
          2620.45226130653                  1.205728     0                 142090.344491053     0       
          2670.65326633166                  1.205728     0                 142090.344491053     0       
          2720.85427135678                  1.205728     0                 142090.344491053     0       
          2771.05527638191                  1.205728     0                 142090.344491053     0       
          2821.25628140704                  1.205728     0                 142090.344491053     0       
          2871.45728643216                  1.205728     0                 142090.344491053     0       
          2921.65829145729                  1.205728     0                 142090.344491053     0       
          2971.85929648241                  1.205728     0                 142090.344491053     0       
          3022.06030150754                  1.205728     0                 142090.344491053     0       
          3072.26130653266                  1.205728     0                 142090.344491053     0       
          3122.46231155779                  1.205728     0                 142090.344491053     0       
          3172.66331658291                  1.205728     0                 142090.344491053     0       
          3222.86432160804                  1.205728     0                 142090.344491053     0       
          3273.06532663317                  1.205728     0                 142090.344491053     0       
          3323.26633165829                  1.205728     0                 142090.344491053     0       
          3373.46733668342                  1.205728     0                 142090.344491053     0       
          3423.66834170854                  1.205728     0                 142090.344491053     0       
          3473.86934673367                  1.205728     0                 142090.344491053     0       
          3524.07035175879                  1.205728     0                 142090.344491053     0       
          3574.27135678392                  1.205728     0                 142090.344491053     0       
          3624.47236180905                  1.205728     0                 142090.344491053     0       
          3674.67336683417                  1.205728     0                 142090.344491053     0       
           3724.8743718593                  1.205728     0                 142090.344491053     0       
          3775.07537688442                  1.205728     0                 142090.344491053     0       
          3825.27638190955                  1.205728     0                 142090.344491053     0       
          3875.47738693467                  1.205728     0                 142090.344491053     0       
           3925.6783919598                  1.205728     0                 142090.344491053     0       
          3975.87939698492                  1.205728     0                 142090.344491053     0       
          4026.08040201005                  1.205728     0                 142090.344491053     0       
          4076.28140703518                  1.205728     0                 142090.344491053     0       
           4126.4824120603                  1.205728     0                 142090.344491053     0       
          4176.68341708543                  1.205728     0                 142090.344491053     0       
          4226.88442211055                  1.205728     0                 142090.344491053     0       
          4277.08542713568                  1.205728     0                 142090.344491053     0       
           4327.2864321608                  1.205728     0                 142090.344491053     0       
          4377.48743718593                  1.205728     0                 142090.344491053     0       
          4427.68844221106                  1.205728     0                 142090.344491053     0       
          4477.88944723618                  1.205728     0                 142090.344491053     0       
          4528.09045226131                  1.205728     0                 142090.344491053     0       
          4578.29145728643                  1.205728     0                 142090.344491053     0       
          4628.49246231156                  1.205728     0                 142090.344491053     0       
          4678.69346733668                  1.205728     0                 142090.344491053     0       
          4728.89447236181                  1.205728     0                 142090.344491053     0       
          4779.09547738693                  1.205728     0                 142090.344491053     0       
          4829.29648241206                  1.205728     0                 142090.344491053     0       
          4879.49748743719                  1.205728     0                 142090.344491053     0       
          4929.69849246231                  1.205728     0                 142090.344491053     0       
          4979.89949748744                  1.205728     0                 142090.344491053     0       
          5030.10050251256                  1.205728     0                 142090.344491053     0       
          5080.30150753769                  1.205728     0                 142090.344491053     0       
          5130.50251256281                  1.205728     0                 142090.344491053     0       
          5180.70351758794                  1.205728     0                 142090.344491053     0       
          5230.90452261307                  1.205728     0                 142090.344491053     0       
          5281.10552763819                  1.205728     0                 142090.344491053     0       
          5331.30653266332                  1.205728     0                 142090.344491053     0       
          5381.50753768844                  1.205728     0                 142090.344491053     0       
          5431.70854271357                  1.205728     0                 142090.344491053     0       
          5481.90954773869                  1.205728     0                 142090.344491053     0       
          5532.11055276382                  1.205728     0                 142090.344491053     0       
          5582.31155778894                  1.205728     0                 142090.344491053     0       
          5632.51256281407                  1.205728     0                 142090.344491053     0       
           5682.7135678392                  1.205728     0                 142090.344491053     0       
          5732.91457286432                  1.205728     0                 142090.344491053     0       
          5783.11557788945                  1.205728     0                 142090.344491053     0       
          5833.31658291457                  1.205728     0                 142090.344491053     0       
           5883.5175879397                  1.205728     0                 142090.344491053     0       
          5933.71859296482                  1.205728     0                 142090.344491053     0       
          5983.91959798995                  1.205728     0                 142090.344491053     0       
          6034.12060301508                  1.205728     0                 142090.344491053     0       
           6084.3216080402                  1.205728     0                 142090.344491053     0       
          6134.52261306533                  1.205728     0                 142090.344491053     0       
          6184.72361809045                  1.205728     0                 142090.344491053     0       
          6234.92462311558                  1.205728     0                 142090.344491053     0       
           6285.1256281407                  1.205728     0                 142090.344491053     0       
          6335.32663316583                  1.205728     0                 142090.344491053     0       
          6385.52763819095                  1.205728     0                 142090.344491053     0       
          6435.72864321608                  1.205728     0                 142090.344491053     0       
          6485.92964824121                  1.205728     0                 142090.344491053     0       
          6536.13065326633                  1.205728     0                 142090.344491053     0       
          6586.33165829146                  1.205728     0                 142090.344491053     0       
          6636.53266331658                  1.205728     0                 142090.344491053     0       
          6686.73366834171                  1.205728     0                 142090.344491053     0       
          6736.93467336683                  1.205728     0                 142090.344491053     0       
          6787.13567839196                  1.205728     0                 142090.344491053     0       
          6837.33668341709                  1.205728     0                 142090.344491053     0       
          6887.53768844221                  1.205728     0                 142090.344491053     0       
          6937.73869346734                  1.205728     0                 142090.344491053     0       
          6987.93969849246                  1.205728     0                 142090.344491053     0       
          7038.14070351759                  1.205728     0                 142090.344491053     0       
          7088.34170854271                  1.205728     0                 142090.344491053     0       
          7138.54271356784                  1.205728     0                 142090.344491053     0       
          7188.74371859296                  1.205728     0                 142090.344491053     0       
          7238.94472361809                  1.205728     0                 142090.344491053     0       
          7289.14572864322                  1.205728     0                 142090.344491053     0       
          7339.34673366834                  1.205728     0                 142090.344491053     0       
          7389.54773869347                  1.205728     0                 142090.344491053     0       
          7439.74874371859                  1.205728     0                 142090.344491053     0       
          7489.94974874372                  1.205728     0                 142090.344491053     0       
          7540.15075376884                  1.205728     0                 142090.344491053     0       
          7590.35175879397                  1.205728     0                 142090.344491053     0       
           7640.5527638191                  1.205728     0                 142090.344491053     0       
          7690.75376884422                  1.205728     0                 142090.344491053     0       
          7740.95477386935                  1.205728     0                 142090.344491053     0       
          7791.15577889447                  1.205728     0                 142090.344491053     0       
           7841.3567839196                  1.205728     0                 142090.344491053     0       
          7891.55778894472                  1.205728     0                 142090.344491053     0       
          7941.75879396985                  1.205728     0                 142090.344491053     0       
          7991.95979899498                  1.205728     0                 142090.344491053     0       
           8042.1608040201                  1.205728     0                 142090.344491053     0       
          8092.36180904523                  1.205728     0                 142090.344491053     0       
          8142.56281407035                  1.205728     0                 142090.344491053     0       
          8192.76381909548                  1.205728     0                 142090.344491053     0       
           8242.9648241206                  1.205728     0                 142090.344491053     0       
          8293.16582914573                  1.205728     0                 142090.344491053     0       
          8343.36683417085                  1.205728     0                 142090.344491053     0       
          8393.56783919598                  1.205728     0                 142090.344491053     0       
          8443.76884422111                  1.205728     0                 142090.344491053     0       
          8493.96984924623                  1.205728     0                 142090.344491053     0       
          8544.17085427136                  1.205728     0                 142090.344491053     0       
          8594.37185929648                  1.205728     0                 142090.344491053     0       
          8644.57286432161                  1.205728     0                 142090.344491053     0       
          8694.77386934673                  1.205728     0                 142090.344491053     0       
          8744.97487437186                  1.205728     0                 142090.344491053     0       
          8795.17587939699                  1.205728     0                 142090.344491053     0       
          8845.37688442211                  1.205728     0                 142090.344491053     0       
          8895.57788944724                  1.205728     0                 142090.344491053     0       
          8945.77889447236                  1.205728     0                 142090.344491053     0       
          8995.97989949749                  1.205728     0                 142090.344491053     0       
          9046.18090452261                  1.205728     0                 142090.344491053     0       
          9096.38190954774                  1.205728     0                 142090.344491053     0       
          9146.58291457286                  1.205728     0                 142090.344491053     0       
          9196.78391959799                  1.205728     0                 142090.344491053     0       
          9246.98492462312                  1.205728     0                 142090.344491053     0       
          9297.18592964824                  1.205728     0                 142090.344491053     0       
          9347.38693467337                  1.205728     0                 142090.344491053     0       
          9397.58793969849                  1.205728     0                 142090.344491053     0       
          9447.78894472362                  1.205728     0                 142090.344491053     0       
          9497.98994974874                  1.205728     0                 142090.344491053     0       
          9548.19095477387                  1.205728     0                 142090.344491053     0       
            9598.391959799                  1.205728     0                 142090.344491053     0       
          9648.59296482412                  1.205728     0                 142090.344491053     0       
          9698.79396984925                  1.205728     0                 142090.344491053     0       
          9748.99497487437                  1.205728     0                 142090.344491053     0       
           9799.1959798995                  1.205728     0                 142090.344491053     0       
          9849.39698492462                  1.205728     0                 142090.344491053     0       
          9899.59798994975                  1.205728     0                 142090.344491053     0       
          9949.79899497487                  1.205728     0                 142090.344491053     0       
                     10000                  1.205728     0                 142090.344491053     0