%frequency(Hz)    density(kg/m3), real/imag          bulk modulus(Pa), real/imag
10            1.7507     -251.40     112615.491 119.669
60.201        1.7507     -41.763     112631.842 720.021
110.402       1.7507     -22.776     112671.498 1318.65
160.603       1.7506     -15.66      112734.259 1914.15
210.804       1.7505     -11.934     112819.809 2505.12
261.005       1.7504     -9.6422     112927.724 3090.22
311.206       1.7502     -8.0903     113057.471 3668.13
361.407       1.75       -6.97       113208.422 4237.61
411.608       1.7498     -6.1235     113379.853 4797.49
461.809       1.7496     -5.4615     113570.962 5346.66
512.0101      1.7493     -4.9296     113780.870 5884.10
562.2111      1.7491     -4.493      114008.635 6408.88
612.4121      1.7487     -4.1283     114253.261 6920.16
662.6131      1.7484     -3.8192     114513.708 7417.19
712.8141      1.7481     -3.5538     114788.905 7899.32
763.0151      1.7477     -3.3236     115077.755 8366.00
813.2161      1.7473     -3.1221     115379.149 8816.76
863.4171      1.7468     -2.9441     115691.971 9251.25
913.6181      1.7464     -2.786      116015.112 9669.18
963.8191      1.7459     -2.6445     116347.473 10070.3
1014.0201     1.7454     -2.5171     116687.976 10454.7
1064.2211     1.7449     -2.4019     117035.568 10822.1
1114.4221     1.7443     -2.2973     117389.226 11172.7
1164.6231     1.7437     -2.2018     117747.966 11506.7
1214.8241     1.7432     -2.1144     118110.842 11824.0
1265.0251     1.7425     -2.034      118476.952 12125.1
1315.2261     1.7419     -1.9598     118845.440 12410.1
1365.4271     1.7412     -1.8913     119215.500 12679.4
1415.6281     1.7406     -1.8277     119586.372 12933.3
1465.8291     1.7399     -1.7685     119957.347 13172.3
1516.0302     1.7392     -1.7134     120327.767 13396.7
1566.2312     1.7384     -1.6619     120697.022 13607.0
1616.4322     1.7377     -1.6137     121064.551 13803.7
1666.6332     1.7369     -1.5685     121429.842 13987.3
1716.8342     1.7361     -1.526      121792.427 14158.1
1767.0352     1.7353     -1.4859     122151.885 14316.7
1817.2362     1.7345     -1.4482     122507.835 14463.7
1867.4372     1.7336     -1.4126     122859.939 14599.4
1917.6382     1.7328     -1.3789     123207.898 14724.4
1967.8392     1.7319     -1.3469     123551.447 14839.2
2018.0402     1.731      -1.3166     123890.358 14944.2
2068.2412     1.7301     -1.2879     124224.435 15040.0
2118.4422     1.7292     -1.2605     124553.510 15126.9
2168.6432     1.7283     -1.2345     124877.445 15205.4
2218.8442     1.7273     -1.2097     125196.127 15275.9
2269.0452     1.7264     -1.186      125509.466 15338.9
2319.2462     1.7254     -1.1635     125817.397 15394.8
2369.4472     1.7244     -1.1419     126119.870 15444.0
2419.6482     1.7234     -1.1212     126416.859 15486.8
2469.8492     1.7224     -1.1014     126708.349 15523.7
2520.0503     1.7214     -1.0824     126994.343 15554.9
2570.2513     1.7204     -1.0643     127274.858 15580.7
2620.4523     1.7194     -1.0468     127549.922 15601.6
2670.6533     1.7183     -1.03       127819.573 15617.9
2720.8543     1.7173     -1.0139     128083.859 15629.7
2771.0553     1.7162     -0.9983     128342.838 15637.4
2821.2563     1.7152     -0.9834     128596.573 15641.3
2871.4573     1.7141     -0.9690     128845.135 15641.6
2921.6583     1.713      -0.9551     129088.599 15638.6
2971.8593     1.7119     -0.9417     129327.048 15632.4
3022.0603     1.7108     -0.9288     129560.564 15623.3
3072.2613     1.7097     -0.9163     129789.237 15611.4
3122.4623     1.7086     -0.9042     130013.157 15597.1
3172.6633     1.7075     -0.8925     130232.416 15580.4
3222.8643     1.7064     -0.8813     130447.11  15561.5
3273.0653     1.7053     -0.8703     130657.333 15540.7
3323.2663     1.7042     -0.8597     130863.183 15518.0
3373.4673     1.7031     -0.8495     131064.755 15493.5
3423.6683     1.702      -0.8395     131262.148 15467.5
3473.8693     1.7008     -0.8299     131455.457 15440.0
3524.0704     1.6997     -0.8205     131644.779 15411.3
3574.2714     1.6986     -0.8114     131830.209 15381.2
3624.4724     1.6974     -0.8026     132011.842 15350.1
3674.6734     1.6963     -0.7940     132189.771 15318.0
3724.8744     1.6952     -0.7856     132364.090 15284.9
3775.0754     1.694      -0.7775     132534.888 15251.0
3825.2764     1.6929     -0.7696     132702.256 15216.4
3875.4774     1.6918     -0.7619     132866.281 15181.0
3925.6784     1.6906     -0.7544     133027.051 15145.1
3975.8794     1.6895     -0.7471     133184.649 15108.6
4026.0804     1.6884     -0.7400     133339.159 15071.7
4076.2814     1.6872     -0.7331     133490.662 15034.3
4126.4824     1.6861     -0.7263     133639.237 14996.6
4176.6834     1.685      -0.7197     133784.963 14958.5
4226.8844     1.6838     -0.7133     133927.914 14920.2
4277.0854     1.6827     -0.7070     134068.166 14881.7
4327.2864     1.6816     -0.7009     134205.789 14843.0
4377.4874     1.6805     -0.6949     134340.855 14804.1
4427.6884     1.6793     -0.6890     134473.431 14765.2
4477.8894     1.6782     -0.6833     134603.585 14726.2
4528.0905     1.6771     -0.6777     134731.382 14687.1
4578.2915     1.676      -0.6722     134856.884 14648.0
4628.4925     1.6749     -0.6669     134980.152 14608.9
4678.6935     1.6738     -0.6616     135101.248 14569.9
4728.8945     1.6727     -0.6565     135220.228 14530.9
4779.0955     1.6716     -0.6515     135337.15  14492.0
4829.2965     1.6705     -0.6465     135452.067 14453.2
4879.4975     1.6694     -0.6417     135565.033 14414.6
4929.6985     1.6683     -0.6370     135676.100 14376.0
4979.8995     1.6672     -0.6324     135785.318 14337.6
5030.1005     1.6661     -0.6278     135892.735 14299.4
5080.3015     1.665      -0.6234     135998.399 14261.3
5130.5025     1.664      -0.6190     136102.356 14223.5
5180.7035     1.6629     -0.6147     136204.650 14185.8
5230.9045     1.6618     -0.6105     136305.324 14148.3
5281.1055     1.6608     -0.6064     136404.420 14111.0
5331.3065     1.6597     -0.6023     136501.979 14074.0
5381.5075     1.6587     -0.5983     136598.04  14037.2
5431.7085     1.6576     -0.5944     136692.641 14000.6
5481.9095     1.6566     -0.5906     136785.819 13964.2
5532.1106     1.6556     -0.5868     136877.610 13928.1
5582.3116     1.6545     -0.5831     136968.050 13892.3
5632.5126     1.6535     -0.5794     137057.171 13856.7
5682.7136     1.6525     -0.5759     137145.007 13821.3
5732.9146     1.6515     -0.5723     137231.588 13786.2
5783.1156     1.6505     -0.5689     137316.947 13751.4
5833.3166     1.6495     -0.5655     137401.113 13716.8
5883.5176     1.6485     -0.5621     137484.115 13682.5
5933.7186     1.6475     -0.5588     137565.981 13648.5
5983.9196     1.6465     -0.5555     137646.737 13614.7
6034.1206     1.6455     -0.5523     137726.412 13581.2
6084.3216     1.6445     -0.5492     137805.029 13547.9
6134.5226     1.6436     -0.5461     137882.614 13514.9
6184.7236     1.6426     -0.5430     137959.192 13482.2
6234.9246     1.6416     -0.5400     138034.785 13449.7
6285.1256     1.6407     -0.5371     138109.416 13417.5
6335.3266     1.6397     -0.5341     138183.107 13385.5
6385.5276     1.6388     -0.5313     138255.879 13353.8
6435.7286     1.6379     -0.5284     138327.754 13322.4
6485.9296     1.6369     -0.5256     138398.751 13291.2
6536.1307     1.636      -0.5229     138468.89  13260.3
6586.3317     1.6351     -0.5201     138538.189 13229.6
6636.5327     1.6342     -0.5175     138606.667 13199.2
6686.7337     1.6333     -0.5148     138674.342 13169.0
6736.9347     1.6323     -0.5122     138741.231 13139.1
6787.1357     1.6315     -0.5096     138807.351 13109.4
6837.3367     1.6306     -0.5071     138872.718 13080.0
6887.5377     1.6297     -0.5046     138937.348 13050.8
6937.7387     1.6288     -0.5021     139001.257 13021.8
6987.9397     1.6279     -0.4997     139064.459 12993.1
7038.1407     1.627      -0.4973     139126.968 12964.6
7088.3417     1.6262     -0.4949     139188.800 12936.3
7138.5427     1.6253     -0.4925     139249.968 12908.3
7188.7437     1.6245     -0.4902     139310.484 12880.5
7238.9447     1.6236     -0.4879     139370.362 12852.9
7289.1457     1.6228     -0.4857     139429.615 12825.5
7339.3467     1.6219     -0.4835     139488.255 12798.3
7389.5477     1.6211     -0.4812     139546.293 12771.4
7439.7487     1.6203     -0.4791     139603.741 12744.7
7489.9497     1.6195     -0.4769     139660.610 12718.2
7540.1508     1.6186     -0.4748     139716.912 12691.9
7590.3518     1.6178     -0.4727     139772.657 12665.7
7640.5528     1.617      -0.4706     139827.855 12639.8
7690.7538     1.6162     -0.4686     139882.516 12614.1
7740.9548     1.6154     -0.4665     139936.651 12588.6
7791.1558     1.6146     -0.4645     139990.268 12563.3
7841.3568     1.6138     -0.4625     140043.377 12538.2
7891.5578     1.6131     -0.4606     140095.987 12513.3
7941.7588     1.6123     -0.4587     140148.107 12488.5
7991.9598     1.6115     -0.4567     140199.745 12464.0
8042.1608     1.6108     -0.4548     140250.91  12439.6
8092.3618     1.61       -0.4530     140301.609 12415.4
8142.5628     1.6092     -0.4511     140351.851 12391.4
8192.7638     1.6085     -0.4493     140401.644 12367.5
8242.9648     1.6078     -0.4475     140450.995 12343.8
8293.1658     1.607      -0.4457     140499.911 12320.3
8343.3668     1.6063     -0.4439     140548.399 12297.0
8393.5678     1.6055     -0.4421     140596.467 12273.8
8443.7688     1.6048     -0.4404     140644.121 12250.8
8493.9698     1.6041     -0.4387     140691.368 12228.0
8544.1709     1.6034     -0.4370     140738.214 12205.3
8594.3719     1.6027     -0.4353     140784.666 12182.8
8644.5729     1.602      -0.4336     140830.729 12160.4
8694.7739     1.6013     -0.4320     140876.410 12138.2
8744.9749     1.6006     -0.4303     140921.715 12116.1
8795.1759     1.5999     -0.4287     140966.649 12094.2
8845.3769     1.5992     -0.4271     141011.218 12072.4
8895.5779     1.5985     -0.4255     141055.428 12050.8
8945.7789     1.5978     -0.4240     141099.283 12029.3
8995.9799     1.5971     -0.4224     141142.789 12008.0
9046.1809     1.5965     -0.4209     141185.952 11986.8
9096.3819     1.5958     -0.4194     141228.775 11965.7
9146.5829     1.5951     -0.4178     141271.264 11944.8
9196.7839     1.5945     -0.4163     141313.424 11924.0
9246.9849     1.5938     -0.4149     141355.259 11903.3
9297.1859     1.5932     -0.4134     141396.773 11882.8
9347.3869     1.5925     -0.4119     141437.972 11862.4
9397.5879     1.5919     -0.4105     141478.860 11842.1
9447.7889     1.5912     -0.4091     141519.441 11822.0
9497.9899     1.5906     -0.4077     141559.718 11802.0
9548.191      1.59       -0.4063     141599.697 11782.1
9598.392      1.5894     -0.4049     141639.380 11762.3
9648.593      1.5887     -0.4035     141678.773 11742.6
9698.794      1.5881     -0.4021     141717.878 11723.1
9748.995      1.5875     -0.4008     141756.700 11703.7
9799.196      1.5869     -0.3995     141795.243 11684.4
9849.397      1.5863     -0.3981     141833.509 11665.2
9899.598      1.5857     -0.3968     141871.502 11646.1
9949.799      1.5851     -0.3955     141909.226 11627.1
10000         1.5845     -0.3942     141946.684 11608.3
